0.0	38.0	0.0
0.1	41.54545454545453	0.0
0.2	46.6969696969697	0.0
0.30000000000000004	51.848484848484865	0.0
0.4	57.00000000000002	0.0
0.5	60.90000000000002	0.0
0.6000000000000001	64.80000000000003	0.0
0.7000000000000001	68.70000000000002	0.0
0.8	72.60000000000002	0.0
0.9	76.50000000000003	0.0
1.0	80.40000000000002	0.0
1.1	84.30000000000003	0.0
1.2000000000000002	88.20000000000003	0.0
1.3	92.10000000000002	0.0
1.4000000000000001	96.00000000000003	0.0
1.5	100.05063291139243	0.0
1.6	104.10126582278484	0.0
1.7000000000000002	108.15189873417724	0.0
1.8	112.20253164556965	0.0
1.9000000000000001	116.25316455696205	0.0
2.0	120.30379746835445	0.0
2.1	124.35443037974686	0.0
2.2	128.40000000000003	0.0
2.3000000000000003	132.40000000000003	0.0
2.4000000000000004	136.40000000000003	0.0
2.5	140.4	0.0
2.6	144.4	0.0
2.7	148.4	0.0
2.8000000000000003	152.25	0.0
2.9000000000000004	156.0	0.0
3.0	159.75	0.0
3.1	163.5	0.0
3.2	167.25	0.0
3.3000000000000003	171.00000000000003	0.0
3.4000000000000004	174.75000000000003	0.0
3.5	178.5	0.0
3.6	182.25000000000003	0.0
3.7	186.00000000000003	0.0
3.8000000000000003	189.75000000000003	0.0
3.9000000000000004	193.3493975903615	0.0
4.0	196.72289156626508	0.0
4.1000000000000005	200.09638554216872	0.0
4.2	203.4698795180723	0.0
4.3	206.84337349397592	0.0
4.4	210.21686746987956	0.0
4.5	213.59036144578315	0.0
4.6000000000000005	216.9638554216868	0.0
4.7	220.4761904761905	0.0
4.800000000000001	225.2380952380953	0.0
4.9	230.00000000000003	0.0
5.0	234.76190476190476	0.0
5.1000000000000005	239.52380952380955	0.0
5.2	244.28571428571428	0.0
5.300000000000001	249.04761904761907	0.0
5.4	253.0990990990991	2.8828828828828867
5.5	256.97297297297297	6.486486486486479
5.6000000000000005	260.84684684684686	10.090090090090104
5.7	264.72072072072075	13.693693693693696
5.800000000000001	268.59459459459464	17.29729729729732
5.9	272.4684684684685	20.90090090090091
6.0	276.34234234234236	24.504504504504506
6.1000000000000005	280.21621621621625	28.10810810810813
6.2	284.0900900900901	31.71171171171172
6.300000000000001	287.96396396396403	35.315315315315345
6.4	291.83783783783787	38.91891891891894
6.5	295.96153846153845	42.82692307692309
6.6000000000000005	300.19230769230774	46.865384615384656
6.7	304.42307692307696	50.90384615384618
6.800000000000001	308.6538461538462	54.94230769230774
6.9	312.8846153846154	58.98076923076927
7.0	316.8987341772152	62.7721518987342
7.1000000000000005	320.6962025316456	66.31645569620257
7.2	324.49367088607596	69.86075949367091
7.300000000000001	328.29113924050637	73.40506329113927
7.4	332.0886075949367	76.94936708860762
7.5	335.88607594936707	80.49367088607596
7.6000000000000005	339.6835443037975	84.03797468354432
7.7	343.4810126582278	87.58227848101266
7.800000000000001	347.37735849056605	91.43396226415096
7.9	351.33962264150944	95.49056603773585
8.0	355.3018867924528	99.54716981132074
8.1	359.2641509433962	103.60377358490562
8.200000000000001	363.22641509433964	107.66037735849059
8.3	367.188679245283	111.71698113207549
8.4	371.1509433962264	115.77358490566037
8.5	375.1132075471698	119.83018867924525
8.6	379.0754716981132	123.88679245283015
8.700000000000001	383.0377358490566	127.9433962264151
8.8	387.0	132.0
8.9	390.8961038961039	136.02597402597402
9.0	394.79220779220776	140.05194805194802
9.1	398.68831168831167	144.07792207792204
9.200000000000001	402.5844155844156	148.10389610389612
9.3	406.4805194805195	152.12987012987014
9.4	410.3766233766234	156.15584415584416
9.5	414.27272727272725	160.18181818181816
9.600000000000001	418.16	164.04000000000005
9.700000000000001	422.0266666666667	167.5066666666667
9.8	425.8933333333334	170.97333333333336
9.9	429.76	174.44
10.0	433.62666666666667	177.90666666666667
10.100000000000001	437.4933333333334	181.37333333333336
10.200000000000001	441.36	184.84000000000003
10.3	445.2266666666667	188.30666666666667
10.4	449.1851851851852	192.4814814814815
10.5	453.1666666666667	196.83333333333334
10.600000000000001	457.1481481481482	201.18518518518525
10.700000000000001	461.1296296296297	205.5370370370371
10.8	465.11111111111114	209.88888888888894
10.9	469.0925925925926	214.2407407407408
11.0	473.07407407407413	218.59259259259264
11.100000000000001	477.05555555555566	222.94444444444454
11.200000000000001	481.0370370370371	227.2962962962964
11.3	485.0185185185186	231.64814814814824
11.4	489.00000000000006	236.00000000000006
11.5	492.3870967741936	239.3870967741936
11.600000000000001	495.7741935483872	242.7741935483872
11.700000000000001	499.1612903225807	246.16129032258073
11.8	502.54838709677426	249.54838709677423
11.9	505.9354838709678	252.93548387096777
12.0	509.3225806451613	256.3225806451613
12.100000000000001	513.4782608695652	260.13043478260875
12.200000000000001	517.8260869565217	264.0434782608696
12.3	522.1739130434783	267.95652173913044
12.4	526.5217391304348	271.8695652173913
12.5	530.8695652173913	275.78260869565213
12.600000000000001	535.2173913043479	279.69565217391306
12.700000000000001	539.5652173913044	283.60869565217394
12.8	543.5725190839695	287.77862595419845
12.9	547.5419847328244	291.9770992366412
13.0	551.5114503816793	296.17557251908397
13.100000000000001	555.4809160305344	300.37404580152673
13.200000000000001	559.4503816793894	304.5725190839695
13.3	563.4198473282443	308.77099236641226
13.4	567.3893129770993	312.96946564885496
13.5	571.3587786259542	317.1679389312977
13.600000000000001	575.3282442748092	321.36641221374055
13.700000000000001	579.2977099236641	325.56488549618325
13.8	583.2671755725191	329.763358778626
13.9	587.236641221374	333.9618320610687
14.0	591.2061068702291	338.1603053435115
14.100000000000001	595.2820512820514	342.6923076923078
14.200000000000001	599.3846153846155	347.3076923076924
14.3	603.4871794871796	351.92307692307696
14.4	607.5897435897436	356.53846153846155
14.5	611.3870967741935	360.19354838709677
14.600000000000001	615.1505376344087	363.74193548387103
14.700000000000001	618.9139784946237	367.2903225806452
14.8	622.6774193548388	370.8387096774194
14.9	626.4408602150538	374.38709677419354
15.0	630.2043010752689	377.93548387096774
15.100000000000001	633.9677419354839	381.483870967742
15.200000000000001	637.7311827956989	385.03225806451616
15.3	641.494623655914	388.58064516129036
15.4	645.3211678832117	392.4087591240876
15.5	649.1897810218978	396.42335766423355
15.600000000000001	653.058394160584	400.4379562043796
15.700000000000001	656.9270072992701	404.45255474452557
15.8	660.7956204379562	408.46715328467155
15.9	664.6642335766423	412.48175182481754
16.0	668.5328467153284	416.4963503649635
16.1	672.4014598540147	420.51094890510956
16.2	676.2700729927006	424.5255474452554
16.3	680.1386861313869	428.54014598540147
16.400000000000002	684.0072992700731	432.5547445255475
16.5	687.8759124087591	436.5693430656934
16.6	691.7445255474453	440.5839416058394
16.7	695.6131386861314	444.59854014598534
16.8	698.5714285714286	448.42857142857144
16.900000000000002	701.4285714285716	452.23809523809535
17.0	705.1818181818182	455.909090909091
17.1	709.159090909091	459.5454545454546
17.2	713.1363636363636	463.1818181818182
17.3	717.1136363636364	466.81818181818187
17.400000000000002	721.0909090909092	470.45454545454555
17.5	725.0681818181819	474.0909090909091
17.6	729.0454545454546	477.72727272727275
17.7	733.0227272727273	481.3636363636363
17.8	737.0	485.0
17.900000000000002	741.026845637584	489.1610738255034
18.0	745.0536912751678	493.3221476510067
18.1	749.0805369127518	497.4832214765101
18.2	753.1073825503355	501.6442953020134
18.3	757.1342281879195	505.8053691275168
18.400000000000002	761.1610738255034	509.9664429530202
18.5	765.1879194630873	514.1275167785235
18.6	769.2147651006712	518.2885906040269
18.7	773.241610738255	522.4496644295302
18.8	777.2684563758389	526.6107382550337
18.900000000000002	781.2953020134229	530.7718120805371
19.0	785.3221476510067	534.9328859060403
19.1	789.3489932885907	539.0939597315437
19.200000000000003	793.3758389261747	543.2550335570471
19.3	797.35	547.4000000000001
19.400000000000002	800.8500000000001	551.4000000000001
19.5	804.4473684210527	555.4078947368422
19.6	808.9210526315791	559.4868421052632
19.700000000000003	813.3947368421054	563.5657894736844
19.8	817.8684210526317	567.6447368421053
19.900000000000002	822.342105263158	571.7236842105265
20.0	826.8157894736843	575.8026315789474
20.1	831.2894736842106	579.8815789473684
20.200000000000003	835.763157894737	583.9605263157896
20.3	839.6896551724138	587.8620689655173
20.400000000000002	843.0689655172415	591.5862068965519
20.5	846.448275862069	595.3103448275862
20.6	849.8275862068966	599.0344827586207
20.700000000000003	853.2068965517242	602.7586206896553
20.8	856.5862068965517	606.4827586206897
20.900000000000002	859.9655172413794	610.2068965517242
21.0	863.3448275862069	613.9310344827586
21.1	866.7241379310345	617.6551724137931
21.200000000000003	870.1034482758622	621.3793103448277
21.3	873.4827586206897	625.1034482758621
21.400000000000002	876.8620689655173	628.8275862068966
21.5	880.2413793103449	632.551724137931
21.6	883.6206896551724	636.2758620689656
21.700000000000003	887.0000000000007	640.0000000000002
21.8	894.298969072165	644.2164948453609
21.900000000000002	898.4226804123713	648.2371134020619
22.0	902.5463917525774	652.2577319587629
22.1	906.6701030927836	656.278350515464
22.200000000000003	910.7938144329898	660.298969072165
22.3	914.9175257731958	664.319587628866
22.400000000000002	919.0412371134021	668.3402061855671
22.5	923.1649484536082	672.360824742268
22.6	927.2886597938144	676.3814432989691
22.700000000000003	931.376811594203	680.4057971014494
22.8	935.1449275362319	684.463768115942
22.900000000000002	938.9130434782609	688.5217391304349
23.0	942.6811594202898	692.5797101449275
23.1	946.4492753623189	696.6376811594203
23.200000000000003	950.2173913043479	700.6956521739131
23.3	953.9855072463768	704.7536231884058
23.400000000000002	957.7536231884059	708.8115942028986
23.5	961.5217391304348	712.8695652173913
23.6	965.2898550724638	716.9275362318841
23.700000000000003	969.0579710144929	720.9855072463769
23.8	972.8260869565217	725.0434782608696
23.900000000000002	976.5942028985507	729.1014492753624
24.0	980.3623188405797	733.159420289855
24.1	983.7894736842105	736.4736842105264
24.200000000000003	986.421052631579	738.0526315789474
24.3	989.3737373737373	740.6969696969696
24.400000000000002	992.8080808080808	744.939393939394
24.5	996.2424242424242	749.1818181818181
24.6	999.6767676767677	753.4242424242425
24.700000000000003	1003.1111111111112	757.6666666666667
24.8	1006.5454545454545	761.9090909090909
24.900000000000002	1009.979797979798	766.1515151515152
25.0	1013.4141414141413	770.3939393939394
25.1	1016.8484848484849	774.6363636363637
25.200000000000003	1020.2828282828284	778.878787878788
25.3	1022.0384615384615	783.0384615384615
25.400000000000002	1022.1153846153846	787.1153846153848
25.5	1022.1923076923077	791.1923076923077
25.6	1022.2692307692307	795.2692307692308
25.700000000000003	1022.3461538461538	799.3461538461539
25.8	1022.4230769230769	803.4230769230769
25.900000000000002	1022.5	807.5000000000001
26.0	1022.5769230769231	811.5769230769231
26.1	1022.6538461538462	815.6538461538462
26.200000000000003	1022.7307692307693	819.7307692307693
26.3	1022.8076923076923	823.8076923076923
26.400000000000002	1022.8846153846154	827.8846153846155
26.5	1022.9615384615385	831.9615384615385
26.6	1023.0	838.4945054945056
26.700000000000003	1023.0	842.2307692307694
26.8	1023.0	845.967032967033
26.900000000000002	1023.0	849.7032967032968
27.0	1023.0	853.4395604395604
27.1	1023.0	857.1758241758242
27.200000000000003	1023.0	860.9120879120879
27.3	1023.0	864.6483516483516
27.400000000000002	1023.0	868.3846153846154
27.5	1023.0	872.2132352941176
27.6	1023.0	876.2573529411765
27.700000000000003	1023.0	880.3014705882354
27.8	1023.0	884.345588235294
27.900000000000002	1023.0	888.3897058823529
28.0	1023.0	892.4338235294117
28.1	1023.0	896.4779411764706
28.200000000000003	1023.0	900.5220588235294
28.3	1023.0	904.5661764705882
28.400000000000002	1023.0	908.6102941176471
28.5	1023.0	912.6544117647059
28.6	1023.0	916.6985294117646
28.700000000000003	1023.0	920.7426470588235
28.8	1023.0	924.7867647058823
28.900000000000002	1023.0	927.9827586206898
29.0	1023.0	931.948275862069
29.1	1023.0	935.9137931034484
29.200000000000003	1023.0	939.8793103448277
29.3	1023.0	943.8448275862069
29.400000000000002	1023.0	947.8103448275862
29.5	1023.0	951.8518518518517
29.6	1023.0	955.925925925926
29.700000000000003	1023.0	960.0000000000001
29.8	1023.0	963.4444444444443
29.900000000000002	1023.0	967.8888888888889
